           1           2  0.976199853819132     
           2           3   1.41220792694135     
           3           4   1.08032943054670     
           4           5  0.967552974920932     
           5           6  0.996897566103264     
           6           7   1.42458570915603     
           7           8   1.43430407455987     
           6           9  0.109436832666469     
           8           9   1.44753630016246     
           7          10  0.110445115948210     
           9          10   1.43086816819712     
           6          11   1.40610266306758     
           8          11  0.113264703124545     
          10          11   1.45337411148243     
           3          12   1.26884862082511     
           2          13  0.103196508189660     
          12          13   1.54723576118797     
          13          14   1.28434257094761     
          14          15   1.27980630404920     
          15          16   1.55620066319153     
          16          17   1.31973184570586     
          15          18  0.117611004764373     
          17          18   1.55545711233599     
           2          19   1.28053456669955     
          14          19   1.23123405702679     
          18          19   1.28062909262650     
           5          20  0.956313545737383     
           5          21  0.956112028363299     
           7          22  0.964933216487332     
           8          23  0.970690074492984     
           9          24  0.971250874572080     
          10          25  0.971012860955942     
          11          26  0.970238643855963     
          12          27  0.964071520629224     
          13          28  0.967342243272761     
          15          29  0.967674862409005     
          16          30  0.970661867462064     
          17          31  0.970682206737316     
          18          32  0.961289645069310     
