   -0.09405834
   -0.03609117
    0.01639347
   -0.26548297
    0.05871233
   -0.11809936
   -0.09158117
    0.16705040
   -0.01550154
   -0.03267974
   -0.02975778
   -0.03036406
   -0.02839811
   -0.03009417
    0.00651320
   -0.02914547
   -0.02624711
   -0.02511033
   -0.02652221
   -0.00231978
   -0.82198512
    0.70817170
   -0.56715557
   -0.01921392
   -0.10529029
   -0.09591220
   -0.09618615
    0.03332350
    0.03672919
    0.04843561
    0.02792993
    0.05878824
    0.03346613
    0.04838633
    0.13766192
    0.04927013
    0.05667050
    0.05634786
    0.03543533
    0.03109362
    0.03147878
    0.03241022
    0.03824591
    0.03881376
    0.03541921
    0.03646804
    0.03968840
    0.13982023
    0.04768467
    0.03353276
    0.03626680
    0.03940615
    0.04902103
    0.11612899
    0.05445800
    0.04595105
    0.16207980
