           1           2   1.97792017436015     
           2           3   1.01267021652572     
           3           4  0.986255885770424     
           4           5  0.984034174171950     
           5           6   1.00232898509776     
           5           7  0.975663063916241     
           7           8  0.989765940578613     
           8           9  0.992621311660207     
           9          10   1.38813202120850     
          10          11   1.45289039630046     
           9          12  0.104038817756679     
          11          12   1.43053996440131     
          10          13  0.107379175351124     
          12          13   1.43486800209366     
           9          14   1.39171741744719     
          11          14  0.106927334902797     
          13          14   1.44871833386902     
           8          15  0.977503314272309     
          15          16   1.39977910367861     
          16          17   1.44291719893275     
          15          18  0.108255863883109     
          17          18   1.43801535548728     
          16          19  0.108362349872469     
          18          19   1.43083711524926     
          15          20   1.38411067276892     
          17          20  0.106694760225084     
          19          20   1.44614429468384     
           8          21  0.760617249245954     
          20          21  0.151777151664227     
           4          22   1.02015601417376     
          21          22  0.269332767918909     
          22          23   1.75333510530274     
          22          24  0.856916553235182     
          24          25   1.00851710286519     
          24          26  0.995926090740879     
          21          27  0.166473392499733     
          24          27   1.00126039282754     
           1          28  0.974616792034255     
           1          29  0.976611153098345     
           2          30  0.963182805638036     
           3          31  0.966308990782573     
           3          32  0.954926112430959     
           5          33  0.958849814208967     
           6          34  0.982563949713931     
           6          35  0.864739639783732     
           6          36  0.978330502226898     
           7          37  0.951136201711019     
           7          38  0.947943763068749     
          10          39  0.957952611743988     
          11          40  0.969967306589887     
          12          41  0.971419000646828     
          13          42  0.969749192475556     
          14          43  0.960747161837856     
          16          44  0.963507105852120     
          17          45  0.969646743795009     
          18          46  0.970869434937530     
          19          47  0.969054920456624     
          20          48  0.815370994332903     
          21          48  0.131761496406692     
          25          49  0.979925523174765     
          25          50  0.983622170935634     
          25          51  0.978995945842401     
          26          52  0.980382879244817     
          26          53  0.981953879719274     
          26          54  0.871894102190778     
          27          55  0.976566557655279     
          27          56  0.980028070528736     
          21          57  0.150391631297644     
          27          57  0.805120607319156     
