    0.03775890
   -0.25058274
    0.14214740
   -0.08742921
    0.01470014
   -0.11030311
   -0.07490751
    0.00400585
   -0.12562061
    0.43400468
   -0.45595272
   -0.45754108
   -0.03851358
   -0.07719134
    0.14710072
   -0.25134897
    0.07564417
    0.00151428
   -0.02986241
   -0.02869257
   -0.03123009
   -0.02871256
   -0.03970723
   -0.02996270
    0.03911860
    0.06156533
    0.03846518
    0.03293686
    0.04689357
    0.04489496
    0.04223843
    0.03562134
    0.30245311
    0.30526313
    0.01997053
    0.02949232
    0.05957776
    0.03342858
    0.04347940
    0.03313943
    0.03258113
    0.03298454
    0.02657591
