           1           2  0.987708638795764     
           2           3   1.07363378465683     
           3           4   1.46700970775723     
           4           5   1.30446034302229     
           5           6   1.02465095159460     
           5           7   1.51951868129087     
           7           8   1.27736987677466     
           8           9   1.24994096791742     
           9          10  0.954835090667365     
          10          11   1.18127897943084     
          10          12   1.17903783467048     
           9          13   1.51002995484327     
          13          14   1.34782628516088     
          14          15   1.44468855817001     
          15          16   1.07633364160353     
          16          17  0.974545829650986     
          17          18  0.993132396991874     
          18          19   1.41615982016594     
          19          20   1.44277575340718     
          18          21  0.109615800391451     
          20          21   1.44073772333794     
          19          22  0.111253144571069     
          21          22   1.43656629327872     
          18          23   1.41098819203888     
          20          23  0.111544435566818     
          22          23   1.44693307571309     
           3          24   1.21513813414389     
           8          24   1.27099835990260     
          15          24   1.22409064815705     
           1          25  0.975224823853621     
           1          26  0.979156603782483     
           1          27  0.975136624613628     
           4          28  0.963860599380535     
           6          29  0.971310157951470     
           6          30  0.974502293531414     
           6          31  0.985678707667272     
           7          32  0.961985367992151     
          11          33  0.889134485256288     
          12          34  0.886025679365077     
          13          35  0.969345493651144     
          14          36  0.963277054048223     
          17          37  0.953474442343815     
          17          38  0.960138122135823     
          19          39  0.968013933646879     
          20          40  0.970999163823520     
          21          41  0.971376087183053     
          22          42  0.971019802132686     
          23          43  0.969495499952298     
